{
  "nbformat": 4,
  "nbformat_minor": 0,
  "metadata": {
    "colab": {
      "name": "transpose.ipynb",
      "provenance": []
    },
    "kernelspec": {
      "name": "python3",
      "display_name": "Python 3"
    },
    "accelerator": "GPU"
  },
  "cells": [
    {
      "cell_type": "code",
      "metadata": {
        "id": "TbmGwel4RnyC",
        "colab_type": "code",
        "colab": {
          "base_uri": "https://localhost:8080/",
          "height": 191
        },
        "outputId": "fc8daf3d-9c29-4517-ae0b-533ba7321583"
      },
      "source": [
        "!pip install git+git://github.com/andreinechaev/nvcc4jupyter.git"
      ],
      "execution_count": null,
      "outputs": [
        {
          "output_type": "stream",
          "text": [
            "Collecting git+git://github.com/andreinechaev/nvcc4jupyter.git\n",
            "  Cloning git://github.com/andreinechaev/nvcc4jupyter.git to /tmp/pip-req-build-brn2a3cw\n",
            "  Running command git clone -q git://github.com/andreinechaev/nvcc4jupyter.git /tmp/pip-req-build-brn2a3cw\n",
            "Building wheels for collected packages: NVCCPlugin\n",
            "  Building wheel for NVCCPlugin (setup.py) ... \u001b[?25l\u001b[?25hdone\n",
            "  Created wheel for NVCCPlugin: filename=NVCCPlugin-0.0.2-cp36-none-any.whl size=4307 sha256=173eac38c0d5f517efa8e0cc131fb004e2c8392b4538e6cb235250c9a8e5b6bb\n",
            "  Stored in directory: /tmp/pip-ephem-wheel-cache-nq_86zln/wheels/10/c2/05/ca241da37bff77d60d31a9174f988109c61ba989e4d4650516\n",
            "Successfully built NVCCPlugin\n",
            "Installing collected packages: NVCCPlugin\n",
            "Successfully installed NVCCPlugin-0.0.2\n"
          ],
          "name": "stdout"
        }
      ]
    },
    {
      "cell_type": "code",
      "metadata": {
        "id": "TMtqNwWZRqVU",
        "colab_type": "code",
        "colab": {
          "base_uri": "https://localhost:8080/",
          "height": 52
        },
        "outputId": "98f84f97-8af5-4b7b-f68a-541bf3c179ef"
      },
      "source": [
        "%load_ext nvcc_plugin"
      ],
      "execution_count": null,
      "outputs": [
        {
          "output_type": "stream",
          "text": [
            "created output directory at /content/src\n",
            "Out bin /content/result.out\n"
          ],
          "name": "stdout"
        }
      ]
    },
    {
      "cell_type": "code",
      "metadata": {
        "id": "smZqHc7GRstb",
        "colab_type": "code",
        "colab": {
          "base_uri": "https://localhost:8080/",
          "height": 34
        },
        "outputId": "d388b5b8-bb17-4a71-e43c-4fa25642b4d0"
      },
      "source": [
        "%%cuda --name transpose.cu\n",
        "#include <cstdio>\n",
        "#include <cstdlib>\n",
        "#include <cmath>\n",
        "#include <ctime>\n",
        "#include <iostream>\n",
        "\n",
        "#include <cuda.h>\n",
        "#include <cuda_runtime.h>\n",
        "\n",
        "#define TILE_DIM 32\n",
        "#define W 16\n",
        "\n",
        "using namespace std;\n",
        "\n",
        "void printGPUproperties(cudaDeviceProp &devProp)\n",
        "{\n",
        "    printf(\"+++ Name : %s\\n\", devProp.name);\n",
        "    printf(\"    Total global memory : %ld bytes\\n\", devProp.totalGlobalMem);\n",
        "    printf(\"    Total shared memory per block : %ld bytes\\n\", devProp.sharedMemPerBlock);\n",
        "    printf(\"    Total shared memory per SM : %ld bytes\\n\", devProp.sharedMemPerMultiprocessor);\n",
        "    printf(\"    Memory bus width : %d bits\\n\", devProp.memoryBusWidth);\n",
        "    printf(\"    Memory clock rate : %d kHz\\n\", devProp.memoryClockRate);\n",
        "    printf(\"    Warp size : %d\\n\", devProp.warpSize);\n",
        "}\n",
        "\n",
        "void print_matrix(float *a, int m, int n, char c)\n",
        "{\n",
        "    if(c == 'i')\n",
        "        cout<<\"Printing input matrix A = \"<<endl;\n",
        "    else\n",
        "    {\n",
        "        cout<<\"Printing transposed matrix AT = \"<<endl;\n",
        "        m = m + n;\n",
        "        n = m - n;\n",
        "        m = m - n;\n",
        "    }\n",
        "    for(int i=0; i<m; i++)\n",
        "    {\n",
        "        for(int j=0; j<n; j++)\n",
        "            printf(\"%.2f \", a[n*i + j]);\n",
        "        cout<<endl;\n",
        "    }\n",
        "    cout<<endl;\n",
        "}\n",
        "\n",
        "int verify_result(float *AT, float *h_out, int m, int n)\n",
        "{\n",
        "    for(int i=0; i<n; i++)\n",
        "    {\n",
        "        for(int j=0; j<m; j++)\n",
        "        {\n",
        "            if(abs(AT[m*i + j] - h_out[m*i + j]) > 1e-6)\n",
        "            {\n",
        "                cout<<\"AT val = \"<<AT[m*i + j]<<endl;\n",
        "                cout<<\"h_out val = \"<<h_out[m*i + j]<<endl;\n",
        "                return 0;\n",
        "            }\n",
        "        }\n",
        "    }\n",
        "    return 1;\n",
        "}\n",
        "\n",
        "void cpuTranspose(float *A, float *AT, int m, int n)\n",
        "{\n",
        "    for(int i=0; i<m; i++)\n",
        "        for(int j=0; j<n; j++)\n",
        "            AT[m*j + i] = A[n*i + j];\n",
        " \n",
        "    /*\n",
        "    for(int i=0; i<n; i++)\n",
        "        for(int j=0; j<m; j++)\n",
        "            AT[m*i + j] = A[n*j + i];\n",
        "    */\n",
        "}\n",
        "\n",
        "__global__ void gpuTransposeRow(float *d_in, float *d_out, int m, int n)\n",
        "{\n",
        "    int i = blockIdx.y * blockDim.y + threadIdx.y;\n",
        "    int j = blockIdx.x * blockDim.x + threadIdx.x;\n",
        "  \n",
        "    //implement out[j][i] = in[i][j]\n",
        "    if(i < m && j < n)\n",
        "        d_out[m*j + i] = d_in[n*i + j];\n",
        "}\n",
        "\n",
        "\n",
        "__global__ void gpuTransposeCol(float *d_in, float *d_out, int m, int n)\n",
        "{\n",
        "    int i_o = blockIdx.x * blockDim.x + threadIdx.y;\n",
        "    int j_o = blockIdx.y * blockDim.y + threadIdx.x;\n",
        "    \n",
        "    //implement out[i][j] = in[j][i]\n",
        "    if(i_o < n && j_o < m)\n",
        "    {\n",
        "        d_out[m*i_o + j_o] = d_in[n*j_o + i_o];\n",
        "        //printf(\"i = %d j = %d\\n\", i, j);\n",
        "    }\n",
        "}\n",
        "\n",
        "\n",
        "__global__ void gpuCopy(float *d_in, float *d_out, int m, int n)\n",
        "{\n",
        "    __shared__ float sharedcopy[TILE_DIM][TILE_DIM];\n",
        " \n",
        "    int i = blockIdx.y * blockDim.y + threadIdx.y;\n",
        "    int j = blockIdx.x * blockDim.x + threadIdx.x;\n",
        " \n",
        "    if(i < m && j < n)\n",
        "        sharedcopy[threadIdx.y][threadIdx.x] = d_in[n*i + j];\n",
        "    __syncthreads();\n",
        " \n",
        "    if(i < m && j < n)\n",
        "        d_out[n*i + j] = sharedcopy[threadIdx.y][threadIdx.x];\n",
        "}\n",
        "\n",
        "__global__ void gpuTransposeCoalesced(float *d_in, float *d_out, int m, int n)\n",
        "{\n",
        "    __shared__ float coal[TILE_DIM][TILE_DIM];\n",
        " \n",
        "    int i = blockIdx.y * blockDim.y + threadIdx.y;\n",
        "    int j = blockIdx.x * blockDim.x + threadIdx.x;\n",
        " \n",
        "    if(i < m && j < n)\n",
        "        coal[threadIdx.y][threadIdx.x] = d_in[n*i + j];\n",
        "    __syncthreads();\n",
        " \n",
        "    int i_o = blockIdx.x * blockDim.x + threadIdx.y;\n",
        "    int j_o = blockIdx.y * blockDim.y + threadIdx.x;\n",
        "  \n",
        "    if(i_o < n && j_o < m)\n",
        "        d_out[m*i_o + j_o] = coal[threadIdx.x][threadIdx.y];\n",
        "\n",
        "}\n",
        "\n",
        "__global__ void gpuTransposeCoalescedNoBC(float *d_in, float *d_out, int m, int n)\n",
        "{\n",
        "    __shared__ float sharednbc[TILE_DIM][TILE_DIM+1];\n",
        " \n",
        "    int i = blockIdx.y * blockDim.y + threadIdx.y;\n",
        "    int j = blockIdx.x * blockDim.x + threadIdx.x;\n",
        " \n",
        "    if(i < m && j < n)\n",
        "        sharednbc[threadIdx.y][threadIdx.x] = d_in[n*i + j];\n",
        "    __syncthreads();\n",
        " \n",
        "    int i_o = blockIdx.x * blockDim.x + threadIdx.y;\n",
        "    int j_o = blockIdx.y * blockDim.y + threadIdx.x;\n",
        "  \n",
        "    if(i_o < n && j_o < m)\n",
        "        d_out[m*i_o + j_o] = sharednbc[threadIdx.x][threadIdx.y];\n",
        "}\n",
        "\n",
        "__global__ void gpuTransposeCoalesced1D(float *d_in, float *d_out, int m, int n)\n",
        "{\n",
        "    extern __shared__ float shared[];\n",
        " \n",
        "    int i = blockIdx.y * blockDim.y + threadIdx.y;\n",
        "    int j = blockIdx.x * blockDim.x + threadIdx.x;\n",
        " \n",
        "    if(i < m && j < n)\n",
        "        shared[TILE_DIM*threadIdx.y + threadIdx.x] = d_in[n*i + j];\n",
        "    __syncthreads();\n",
        " \n",
        "    int i_o = blockIdx.x * blockDim.x + threadIdx.y;\n",
        "    int j_o = blockIdx.y * blockDim.y + threadIdx.x;\n",
        "  \n",
        "    if(i_o < n && j_o < m)\n",
        "        d_out[m*i_o + j_o] = shared[TILE_DIM*threadIdx.x + threadIdx.y];\n",
        "\n",
        "}\n",
        "\n",
        "__global__ void gpuTransposeCoalesced1DNoBC(float *d_in, float *d_out, int m, int n)\n",
        "{\n",
        "    extern __shared__ float shared2[];\n",
        " \n",
        "    int i = blockIdx.y * blockDim.y + threadIdx.y;\n",
        "    int j = blockIdx.x * blockDim.x + threadIdx.x;\n",
        " \n",
        "    if(i < m && j < n)\n",
        "        shared2[(TILE_DIM+1)*threadIdx.y + threadIdx.x] = d_in[n*i + j];\n",
        "    __syncthreads();\n",
        " \n",
        "    int i_o = blockIdx.x * blockDim.x + threadIdx.y;\n",
        "    int j_o = blockIdx.y * blockDim.y + threadIdx.x;\n",
        "  \n",
        "    if(i_o < n && j_o < m)\n",
        "        d_out[m*i_o + j_o] = shared2[(TILE_DIM+1)*threadIdx.x + threadIdx.y];\n",
        "}\n",
        "\n",
        "\n",
        "__global__ void gpuTransposeRect(float *d_in, float *d_out, int m, int n)\n",
        "{\n",
        "    __shared__ float rect[W][2*W];\n",
        " \n",
        "    int i = blockIdx.y * blockDim.y + threadIdx.y;\n",
        "    int j = blockIdx.x * blockDim.x + threadIdx.x;\n",
        " \n",
        " \n",
        "    if(i < m && j < n)\n",
        "        rect[threadIdx.y][threadIdx.x] = d_in[n*i + j];\n",
        "    __syncthreads();\n",
        " \n",
        "    int threadnum = threadIdx.y * blockDim.x + threadIdx.x;\n",
        "    int tidy_o = threadnum / blockDim.y;\n",
        "    int tidx_o = threadnum % blockDim.y;\n",
        " \n",
        "    int i_o = blockIdx.x * blockDim.x + tidy_o;\n",
        "    int j_o = blockIdx.y * blockDim.y + tidx_o;\n",
        " \n",
        "    if(i_o < n && j_o < m)\n",
        "        d_out[m*i_o + j_o] = rect[tidx_o][tidy_o];\n",
        "}\n",
        "\n",
        "__global__ void gpuTransposeRectNoBC(float *d_in, float *d_out, int m, int n)\n",
        "{\n",
        "    __shared__ float rect[W][2*W+1];\n",
        " \n",
        "    int i = blockIdx.y * blockDim.y + threadIdx.y;\n",
        "    int j = blockIdx.x * blockDim.x + threadIdx.x;\n",
        " \n",
        " \n",
        "    if(i < m && j < n)\n",
        "        rect[threadIdx.y][threadIdx.x] = d_in[n*i + j];\n",
        "    __syncthreads();\n",
        " \n",
        "    int threadnum = threadIdx.y * blockDim.x + threadIdx.x;\n",
        "    int tidy_o = threadnum / blockDim.y;\n",
        "    int tidx_o = threadnum % blockDim.y;\n",
        " \n",
        "    int i_o = blockIdx.x * blockDim.x + tidy_o;\n",
        "    int j_o = blockIdx.y * blockDim.y + tidx_o;\n",
        " \n",
        "    if(i_o < n && j_o < m)\n",
        "        d_out[m*i_o + j_o] = rect[tidx_o][tidy_o];\n",
        "}\n",
        "\n",
        "\n",
        "int main(int argc, char* argv[])\n",
        "{\n",
        "    cudaDeviceProp devprop;\n",
        "    cudaGetDeviceProperties(&devprop , 0);\n",
        "    printGPUproperties(devprop);\n",
        " \n",
        "    int m, n;\n",
        "    m = atoi(argv[1]); //num_rows\n",
        "    n = atoi(argv[2]); //num_cols\n",
        " \n",
        "    float *h_in, *h_out, *d_in, *d_out;; //for GPU computations\n",
        "    float *A, *AT; //for CPU computations\n",
        " \n",
        "    //Allocate Memory to cpu variables\n",
        "    h_in = (float *)malloc(m * n * sizeof(float));\n",
        "    h_out = (float *)malloc(m * n * sizeof(float));\n",
        "    A = (float *)malloc(m * n * sizeof(float));\n",
        "    AT = (float *)malloc(m * n * sizeof(float));\n",
        " \n",
        "    //Allocate Memory to gpu variables\n",
        "    cudaMalloc((void **)&d_in, m * n * sizeof(float));\n",
        "    cudaMalloc((void **)&d_out, m * n * sizeof(float));\n",
        " \n",
        "    for(int i=0; i<m; i++)\n",
        "    {\n",
        "        for(int j=0; j<n; j++)\n",
        "        {\n",
        "            //h_in[n*i + j] = (float(rand()) / (float(RAND_MAX)));\n",
        "            h_in[n*i + j] = n*i + j + 1;\n",
        "            A[n*i + j] = h_in[n*i + j];\n",
        "        }\n",
        "    }\n",
        "    \n",
        "    //CPU transpose time\n",
        "    clock_t t1, t2;  \n",
        "    t1 = clock();\n",
        "    cpuTranspose(A, AT, m, n);\n",
        "    t2 = clock();\n",
        "    print_matrix(A, m, n, 'i');\n",
        "    print_matrix(AT, m, n, 'o');\n",
        "    printf(\"+++ m = %d n = %d, CPU Time taken = %lf ms\\n\", m, n, ((double)(t2-t1)/(double)CLOCKS_PER_SEC) * 1000);\n",
        " \n",
        "\n",
        "    //GPU transpose row\n",
        "    cudaMemcpy(d_in, h_in, m * n *sizeof(float), cudaMemcpyHostToDevice);\n",
        "    //float grid_dim = ceil(sqrt(m*n / 1024.0));\n",
        "    //cout<<\"grid dim = \"<<grid_dim<<endl;\n",
        "    //dim3 grid(int(grid_dim), int(grid_dim), 1);\n",
        "    //dim3 block(32,32,1);\n",
        "    float ms;\n",
        " \n",
        "    dim3 block (TILE_DIM, TILE_DIM);\n",
        "    dim3 grid (( n + block.x - 1) / block .x, (m + block.y - 1) / block .y);\n",
        " \n",
        "    cout<<\"+++ Block Dim = (\"<<block.x<<\", \"<<block.y<<\")\"<<endl;\n",
        "    cout<<\"    Grid Dim = (\"<<grid.x<<\", \"<<grid.y<<\")\"<<endl;\n",
        "\n",
        "    cudaEvent_t c1, c2;\n",
        "    cudaEventCreate(&c1);\n",
        "    cudaEventCreate(&c2);\n",
        " \n",
        "    cudaEventRecord(c1);\n",
        "    gpuTransposeRow<<<grid, block>>>(d_in, d_out, m, n);\n",
        "    cudaEventRecord(c2);\n",
        " \n",
        "    cudaEventSynchronize(c2);\n",
        "    cudaEventElapsedTime(&ms, c1, c2);\n",
        "\n",
        "    cudaMemcpy(h_out, d_out, m * n *sizeof(float), cudaMemcpyDeviceToHost);\n",
        "    //print_matrix(h_out, m, n, 'o');\n",
        "    if(verify_result(AT, h_out, m, n))\n",
        "        printf(\"+++ m = %d n = %d, GPU Transpose (Read Rows, Store Cols) Time taken = %lf ms\\n\", m, n, ms);\n",
        " \n",
        "    //Reallocate used placeholders\n",
        "    cudaFree(d_out);\n",
        "    free(h_out);\n",
        "    cudaMalloc((void **)&d_out, m * n * sizeof(float));\n",
        "    //h_out = (float *)malloc(m * n * sizeof(float));\n",
        "    h_out = (float *)calloc(m * n,  sizeof(float));\n",
        " \n",
        "\n",
        "    //GPU transpose by columns\n",
        "    cudaEvent_t g1, g2;\n",
        "    cudaEventCreate(&g1);\n",
        "    cudaEventCreate(&g2);\n",
        " \n",
        "    cudaEventRecord(g1);\n",
        "    gpuTransposeCol<<<grid, block>>>(d_in, d_out, m, n);\n",
        "    cudaEventRecord(g2);\n",
        "    cudaEventSynchronize(g2);\n",
        "    cudaEventElapsedTime(&ms, g1, g2);\n",
        "\n",
        "    cudaMemcpy(h_out, d_out, m * n *sizeof(float), cudaMemcpyDeviceToHost);\n",
        "    //print_matrix(h_out, m, n, 'o');\n",
        "    if(verify_result(AT, h_out, m, n))\n",
        "        printf(\"+++ m = %d n = %d, GPU Transpose (Read Cols, Store Rows) Time taken = %lf ms\\n\", m, n, ms);\n",
        " \n",
        "    //Reallocate used placeholders\n",
        "    cudaFree(d_out);\n",
        "    free(h_out);\n",
        "    cudaMalloc((void **)&d_out, m * n * sizeof(float));\n",
        "    //h_out = (float *)malloc(m * n * sizeof(float));\n",
        "    h_out = (float *)calloc(m * n,  sizeof(float));\n",
        " \n",
        "\n",
        "    //GPU simple copy op \n",
        "    cudaEventRecord(g1);\n",
        "    gpuCopy<<<grid, block>>>(d_in, d_out, m, n);\n",
        "    cudaEventRecord(g2);\n",
        "    cudaEventSynchronize(g2);\n",
        "    cudaEventElapsedTime(&ms, g1, g2);\n",
        "\n",
        "    cudaMemcpy(h_out, d_out, m * n *sizeof(float), cudaMemcpyDeviceToHost);\n",
        "    //print_matrix(h_out, m, n, 'i');\n",
        "    //if(verify_result(AT, h_out, m, n))\n",
        "        printf(\"+++ m = %d n = %d, GPU simple copy (square sh. mem. no bank conflicts) Time taken = %lf ms [Reference Time]\\n\", m, n, ms);\n",
        " \n",
        "    //Reallocate used placeholders\n",
        "    cudaFree(d_out);\n",
        "    free(h_out);\n",
        "    cudaMalloc((void **)&d_out, m * n * sizeof(float));\n",
        "    //h_out = (float *)malloc(m * n * sizeof(float));\n",
        "    h_out = (float *)calloc(m * n,  sizeof(float));\n",
        " \n",
        "    //GPU transpose square shared memory\n",
        "    cudaEvent_t sh1, sh2;\n",
        "    cudaEventCreate(&sh1);\n",
        "    cudaEventCreate(&sh2);\n",
        " \n",
        "    //cout<<\"calling sq sh\"<<endl;\n",
        "    cudaEventRecord(sh1);\n",
        "    gpuTransposeCoalesced<<<grid, block>>>(d_in, d_out, m, n);\n",
        "    cudaEventRecord(sh2);\n",
        "    cudaEventSynchronize(sh2);\n",
        "    cudaEventElapsedTime(&ms, sh1, sh2);\n",
        "\n",
        "    cudaMemcpy(h_out, d_out, m * n *sizeof(float), cudaMemcpyDeviceToHost);\n",
        "    //print_matrix(h_out, m, n, 'o');\n",
        "    if(verify_result(AT, h_out, m, n))\n",
        "        printf(\"+++ m = %d n = %d, GPU Transpose (square sh. mem. with bank conflicts) Time taken = %lf ms\\n\", m, n, ms);\n",
        " \n",
        "    //Reallocate used placeholders\n",
        "    cudaFree(d_out);\n",
        "    free(h_out);\n",
        "    cudaMalloc((void **)&d_out, m * n * sizeof(float));\n",
        "    //h_out = (float *)malloc(m * n * sizeof(float));\n",
        "    h_out = (float *)calloc(m * n,  sizeof(float));\n",
        " \n",
        "    //GPU transpose square shared memory no bank conflicts\n",
        "    cudaEventRecord(sh1);\n",
        "    gpuTransposeCoalescedNoBC<<<grid, block>>>(d_in, d_out, m, n);\n",
        "    cudaEventRecord(sh2);\n",
        "    cudaEventSynchronize(sh2);\n",
        "    cudaEventElapsedTime(&ms, sh1, sh2);\n",
        "\n",
        "    cudaMemcpy(h_out, d_out, m * n *sizeof(float), cudaMemcpyDeviceToHost);\n",
        "    //print_matrix(h_out, m, n, 'o');\n",
        "    if(verify_result(AT, h_out, m, n))\n",
        "        printf(\"+++ m = %d n = %d, GPU Transpose (square sh. mem. no bank conflicts) Time taken = %lf ms\\n\", m, n, ms);\n",
        " \n",
        "    //Reallocate used placeholders\n",
        "    cudaFree(d_out);\n",
        "    free(h_out);\n",
        "    cudaMalloc((void **)&d_out, m * n * sizeof(float));\n",
        "    //h_out = (float *)malloc(m * n * sizeof(float));\n",
        "    h_out = (float *)calloc(m * n,  sizeof(float));\n",
        " \n",
        "    //GPU transpose 1D shared memory with bank conflicts\n",
        "    cudaEventRecord(sh1);\n",
        "    gpuTransposeCoalesced1D<<<grid, block, TILE_DIM * TILE_DIM * sizeof(float)>>>(d_in, d_out, m, n);\n",
        "    cudaEventRecord(sh2);\n",
        "    cudaEventSynchronize(sh2);\n",
        "    cudaEventElapsedTime(&ms, sh1, sh2);\n",
        "\n",
        "    cudaMemcpy(h_out, d_out, m * n *sizeof(float), cudaMemcpyDeviceToHost);\n",
        "    //print_matrix(h_out, m, n, 'o');\n",
        "    if(verify_result(AT, h_out, m, n))\n",
        "        printf(\"+++ m = %d n = %d, GPU Transpose (1D sh. mem. with bank conflicts) Time taken = %lf ms\\n\", m, n, ms);\n",
        " \n",
        "    //Reallocate used placeholders\n",
        "    cudaFree(d_out);\n",
        "    free(h_out);\n",
        "    cudaMalloc((void **)&d_out, m * n * sizeof(float));\n",
        "    //h_out = (float *)malloc(m * n * sizeof(float));\n",
        "    h_out = (float *)calloc(m * n,  sizeof(float));\n",
        " \n",
        "    //GPU transpose 1D shared memory no bank conflicts\n",
        "    cudaEventRecord(sh1);\n",
        "    gpuTransposeCoalesced1DNoBC<<<grid, block, TILE_DIM * (TILE_DIM+1) * sizeof(float)>>>(d_in, d_out, m, n);\n",
        "    cudaEventRecord(sh2);\n",
        "    cudaEventSynchronize(sh2);\n",
        "    cudaEventElapsedTime(&ms, sh1, sh2);\n",
        "\n",
        "    cudaMemcpy(h_out, d_out, m * n *sizeof(float), cudaMemcpyDeviceToHost);\n",
        "    //print_matrix(h_out, m, n, 'o');\n",
        "    if(verify_result(AT, h_out, m, n))\n",
        "        printf(\"+++ m = %d n = %d, GPU Transpose (padded 1D sh. mem. no bank conflicts) Time taken = %lf ms\\n\", m, n, ms);\n",
        " \n",
        "\n",
        "    /*cout<<\"Before freeing\"<<endl;\n",
        "    for(int i=0; i<10; i++)\n",
        "        cout<<h_out[i]<<\" \";\n",
        "    cout<<endl; */\n",
        "\n",
        "    //Reallocate used placeholders\n",
        "    cudaFree(d_out);\n",
        "    free(h_out);\n",
        "    cudaMalloc((void **)&d_out, m * n * sizeof(float));\n",
        "    h_out = (float *)calloc(m * n,  sizeof(float));\n",
        " \n",
        "    /*cout<<\"After freeing\"<<endl;\n",
        "    for(int i=0; i<10; i++)\n",
        "        cout<<h_out[i]<<\" \";\n",
        "    cout<<endl; */\n",
        "\n",
        "    //GPU transpose 2d rect shared memory with bank conflicts\n",
        "    dim3 blockr (32, 16);\n",
        "    dim3 gridr (( n + blockr.x - 1) / blockr.x, (m + blockr.y - 1) / blockr.y);\n",
        " \n",
        "    float ms1;\n",
        "    cout<<\"+++ Block Dim = (\"<<blockr.x<<\", \"<<blockr.y<<\")\"<<endl;\n",
        "    cout<<\"    Grid Dim = (\"<<gridr.x<<\", \"<<gridr.y<<\")\"<<endl;\n",
        " \n",
        "    cudaEvent_t r1, r2;\n",
        "    cudaEventCreate(&r1);\n",
        "    cudaEventCreate(&r2);\n",
        "\n",
        "    cudaEventRecord(r1);\n",
        "    gpuTransposeRect<<<gridr, blockr>>>(d_in, d_out, m, n);\n",
        "    cudaEventRecord(r2);\n",
        "    cudaEventSynchronize(r2);\n",
        "    cudaEventElapsedTime(&ms1, r1, r2);\n",
        "\n",
        "    cudaMemcpy(h_out, d_out, m * n *sizeof(float), cudaMemcpyDeviceToHost);\n",
        "    //print_matrix(h_out, m, n, 'o');\n",
        "    if(verify_result(AT, h_out, m, n))\n",
        "        printf(\"+++ m = %d n = %d, GPU Transpose (rectangular sh. mem. with bank conflicts) Time taken = %lf ms\\n\", m, n, ms1);\n",
        "    //printf(\"always prints+++ m = %d n = %d, GPU Transpose (rectangular sh. mem. with bank conflicts) Time taken = %lf ms\\n\", m, n, ms1);\n",
        " \n",
        "    //Reallocate used placeholders\n",
        "    cudaFree(d_out);\n",
        "    free(h_out);\n",
        "    cudaMalloc((void **)&d_out, m * n * sizeof(float));\n",
        "    h_out = (float *)calloc(m * n,  sizeof(float));\n",
        " \n",
        "\n",
        "    //GPU transpose 2d rect shared memory with no bank conflicts\n",
        " \n",
        "    cudaEventRecord(r1);\n",
        "    gpuTransposeRectNoBC<<<gridr, blockr>>>(d_in, d_out, m, n);\n",
        "    cudaEventRecord(r2);\n",
        "    cudaEventSynchronize(r2);\n",
        "    cudaEventElapsedTime(&ms1, r1, r2);\n",
        "\n",
        "    cudaMemcpy(h_out, d_out, m * n *sizeof(float), cudaMemcpyDeviceToHost);\n",
        "    print_matrix(h_out, m, n, 'o');\n",
        "    if(verify_result(AT, h_out, m, n))\n",
        "        printf(\"+++ m = %d n = %d, GPU Transpose (rectangular sh. mem. with no bank conflicts) Time taken = %lf ms\\n\", m, n, ms1);\n",
        "\n",
        " \n",
        "    cudaFree(d_in);\n",
        "    cudaFree(d_out);\n",
        "    free(h_in);\n",
        "    free(h_out);\n",
        "    free(A);\n",
        "    free(AT);\n",
        "\n",
        "    return 0;\n",
        "}"
      ],
      "execution_count": null,
      "outputs": [
        {
          "output_type": "execute_result",
          "data": {
            "text/plain": [
              "'File written in /content/src/transpose.cu'"
            ]
          },
          "metadata": {
            "tags": []
          },
          "execution_count": 3
        }
      ]
    },
    {
      "cell_type": "code",
      "metadata": {
        "id": "gtfcYqTAUI8a",
        "colab_type": "code",
        "colab": {}
      },
      "source": [
        "!nvcc /content/src/transpose.cu -o /content/src/transpose"
      ],
      "execution_count": null,
      "outputs": []
    },
    {
      "cell_type": "code",
      "metadata": {
        "id": "NvQYVMl2_5MN",
        "colab_type": "code",
        "colab": {
          "base_uri": "https://localhost:8080/",
          "height": 1000
        },
        "outputId": "3afbdffa-26a1-4020-a291-60bcb63f195e"
      },
      "source": [
        "!/content/src/transpose 27 29"
      ],
      "execution_count": null,
      "outputs": [
        {
          "output_type": "stream",
          "text": [
            "+++ Name : Tesla P100-PCIE-16GB\n",
            "    Total global memory : 17071734784 bytes\n",
            "    Total shared memory per block : 49152 bytes\n",
            "    Total shared memory per SM : 65536 bytes\n",
            "    Memory bus width : 4096 bits\n",
            "    Memory clock rate : 715000 kHz\n",
            "    Warp size : 32\n",
            "Printing input matrix A = \n",
            "1.00 2.00 3.00 4.00 5.00 6.00 7.00 8.00 9.00 10.00 11.00 12.00 13.00 14.00 15.00 16.00 17.00 18.00 19.00 20.00 21.00 22.00 23.00 24.00 25.00 26.00 27.00 28.00 29.00 \n",
            "30.00 31.00 32.00 33.00 34.00 35.00 36.00 37.00 38.00 39.00 40.00 41.00 42.00 43.00 44.00 45.00 46.00 47.00 48.00 49.00 50.00 51.00 52.00 53.00 54.00 55.00 56.00 57.00 58.00 \n",
            "59.00 60.00 61.00 62.00 63.00 64.00 65.00 66.00 67.00 68.00 69.00 70.00 71.00 72.00 73.00 74.00 75.00 76.00 77.00 78.00 79.00 80.00 81.00 82.00 83.00 84.00 85.00 86.00 87.00 \n",
            "88.00 89.00 90.00 91.00 92.00 93.00 94.00 95.00 96.00 97.00 98.00 99.00 100.00 101.00 102.00 103.00 104.00 105.00 106.00 107.00 108.00 109.00 110.00 111.00 112.00 113.00 114.00 115.00 116.00 \n",
            "117.00 118.00 119.00 120.00 121.00 122.00 123.00 124.00 125.00 126.00 127.00 128.00 129.00 130.00 131.00 132.00 133.00 134.00 135.00 136.00 137.00 138.00 139.00 140.00 141.00 142.00 143.00 144.00 145.00 \n",
            "146.00 147.00 148.00 149.00 150.00 151.00 152.00 153.00 154.00 155.00 156.00 157.00 158.00 159.00 160.00 161.00 162.00 163.00 164.00 165.00 166.00 167.00 168.00 169.00 170.00 171.00 172.00 173.00 174.00 \n",
            "175.00 176.00 177.00 178.00 179.00 180.00 181.00 182.00 183.00 184.00 185.00 186.00 187.00 188.00 189.00 190.00 191.00 192.00 193.00 194.00 195.00 196.00 197.00 198.00 199.00 200.00 201.00 202.00 203.00 \n",
            "204.00 205.00 206.00 207.00 208.00 209.00 210.00 211.00 212.00 213.00 214.00 215.00 216.00 217.00 218.00 219.00 220.00 221.00 222.00 223.00 224.00 225.00 226.00 227.00 228.00 229.00 230.00 231.00 232.00 \n",
            "233.00 234.00 235.00 236.00 237.00 238.00 239.00 240.00 241.00 242.00 243.00 244.00 245.00 246.00 247.00 248.00 249.00 250.00 251.00 252.00 253.00 254.00 255.00 256.00 257.00 258.00 259.00 260.00 261.00 \n",
            "262.00 263.00 264.00 265.00 266.00 267.00 268.00 269.00 270.00 271.00 272.00 273.00 274.00 275.00 276.00 277.00 278.00 279.00 280.00 281.00 282.00 283.00 284.00 285.00 286.00 287.00 288.00 289.00 290.00 \n",
            "291.00 292.00 293.00 294.00 295.00 296.00 297.00 298.00 299.00 300.00 301.00 302.00 303.00 304.00 305.00 306.00 307.00 308.00 309.00 310.00 311.00 312.00 313.00 314.00 315.00 316.00 317.00 318.00 319.00 \n",
            "320.00 321.00 322.00 323.00 324.00 325.00 326.00 327.00 328.00 329.00 330.00 331.00 332.00 333.00 334.00 335.00 336.00 337.00 338.00 339.00 340.00 341.00 342.00 343.00 344.00 345.00 346.00 347.00 348.00 \n",
            "349.00 350.00 351.00 352.00 353.00 354.00 355.00 356.00 357.00 358.00 359.00 360.00 361.00 362.00 363.00 364.00 365.00 366.00 367.00 368.00 369.00 370.00 371.00 372.00 373.00 374.00 375.00 376.00 377.00 \n",
            "378.00 379.00 380.00 381.00 382.00 383.00 384.00 385.00 386.00 387.00 388.00 389.00 390.00 391.00 392.00 393.00 394.00 395.00 396.00 397.00 398.00 399.00 400.00 401.00 402.00 403.00 404.00 405.00 406.00 \n",
            "407.00 408.00 409.00 410.00 411.00 412.00 413.00 414.00 415.00 416.00 417.00 418.00 419.00 420.00 421.00 422.00 423.00 424.00 425.00 426.00 427.00 428.00 429.00 430.00 431.00 432.00 433.00 434.00 435.00 \n",
            "436.00 437.00 438.00 439.00 440.00 441.00 442.00 443.00 444.00 445.00 446.00 447.00 448.00 449.00 450.00 451.00 452.00 453.00 454.00 455.00 456.00 457.00 458.00 459.00 460.00 461.00 462.00 463.00 464.00 \n",
            "465.00 466.00 467.00 468.00 469.00 470.00 471.00 472.00 473.00 474.00 475.00 476.00 477.00 478.00 479.00 480.00 481.00 482.00 483.00 484.00 485.00 486.00 487.00 488.00 489.00 490.00 491.00 492.00 493.00 \n",
            "494.00 495.00 496.00 497.00 498.00 499.00 500.00 501.00 502.00 503.00 504.00 505.00 506.00 507.00 508.00 509.00 510.00 511.00 512.00 513.00 514.00 515.00 516.00 517.00 518.00 519.00 520.00 521.00 522.00 \n",
            "523.00 524.00 525.00 526.00 527.00 528.00 529.00 530.00 531.00 532.00 533.00 534.00 535.00 536.00 537.00 538.00 539.00 540.00 541.00 542.00 543.00 544.00 545.00 546.00 547.00 548.00 549.00 550.00 551.00 \n",
            "552.00 553.00 554.00 555.00 556.00 557.00 558.00 559.00 560.00 561.00 562.00 563.00 564.00 565.00 566.00 567.00 568.00 569.00 570.00 571.00 572.00 573.00 574.00 575.00 576.00 577.00 578.00 579.00 580.00 \n",
            "581.00 582.00 583.00 584.00 585.00 586.00 587.00 588.00 589.00 590.00 591.00 592.00 593.00 594.00 595.00 596.00 597.00 598.00 599.00 600.00 601.00 602.00 603.00 604.00 605.00 606.00 607.00 608.00 609.00 \n",
            "610.00 611.00 612.00 613.00 614.00 615.00 616.00 617.00 618.00 619.00 620.00 621.00 622.00 623.00 624.00 625.00 626.00 627.00 628.00 629.00 630.00 631.00 632.00 633.00 634.00 635.00 636.00 637.00 638.00 \n",
            "639.00 640.00 641.00 642.00 643.00 644.00 645.00 646.00 647.00 648.00 649.00 650.00 651.00 652.00 653.00 654.00 655.00 656.00 657.00 658.00 659.00 660.00 661.00 662.00 663.00 664.00 665.00 666.00 667.00 \n",
            "668.00 669.00 670.00 671.00 672.00 673.00 674.00 675.00 676.00 677.00 678.00 679.00 680.00 681.00 682.00 683.00 684.00 685.00 686.00 687.00 688.00 689.00 690.00 691.00 692.00 693.00 694.00 695.00 696.00 \n",
            "697.00 698.00 699.00 700.00 701.00 702.00 703.00 704.00 705.00 706.00 707.00 708.00 709.00 710.00 711.00 712.00 713.00 714.00 715.00 716.00 717.00 718.00 719.00 720.00 721.00 722.00 723.00 724.00 725.00 \n",
            "726.00 727.00 728.00 729.00 730.00 731.00 732.00 733.00 734.00 735.00 736.00 737.00 738.00 739.00 740.00 741.00 742.00 743.00 744.00 745.00 746.00 747.00 748.00 749.00 750.00 751.00 752.00 753.00 754.00 \n",
            "755.00 756.00 757.00 758.00 759.00 760.00 761.00 762.00 763.00 764.00 765.00 766.00 767.00 768.00 769.00 770.00 771.00 772.00 773.00 774.00 775.00 776.00 777.00 778.00 779.00 780.00 781.00 782.00 783.00 \n",
            "\n",
            "Printing transposed matrix AT = \n",
            "1.00 30.00 59.00 88.00 117.00 146.00 175.00 204.00 233.00 262.00 291.00 320.00 349.00 378.00 407.00 436.00 465.00 494.00 523.00 552.00 581.00 610.00 639.00 668.00 697.00 726.00 755.00 \n",
            "2.00 31.00 60.00 89.00 118.00 147.00 176.00 205.00 234.00 263.00 292.00 321.00 350.00 379.00 408.00 437.00 466.00 495.00 524.00 553.00 582.00 611.00 640.00 669.00 698.00 727.00 756.00 \n",
            "3.00 32.00 61.00 90.00 119.00 148.00 177.00 206.00 235.00 264.00 293.00 322.00 351.00 380.00 409.00 438.00 467.00 496.00 525.00 554.00 583.00 612.00 641.00 670.00 699.00 728.00 757.00 \n",
            "4.00 33.00 62.00 91.00 120.00 149.00 178.00 207.00 236.00 265.00 294.00 323.00 352.00 381.00 410.00 439.00 468.00 497.00 526.00 555.00 584.00 613.00 642.00 671.00 700.00 729.00 758.00 \n",
            "5.00 34.00 63.00 92.00 121.00 150.00 179.00 208.00 237.00 266.00 295.00 324.00 353.00 382.00 411.00 440.00 469.00 498.00 527.00 556.00 585.00 614.00 643.00 672.00 701.00 730.00 759.00 \n",
            "6.00 35.00 64.00 93.00 122.00 151.00 180.00 209.00 238.00 267.00 296.00 325.00 354.00 383.00 412.00 441.00 470.00 499.00 528.00 557.00 586.00 615.00 644.00 673.00 702.00 731.00 760.00 \n",
            "7.00 36.00 65.00 94.00 123.00 152.00 181.00 210.00 239.00 268.00 297.00 326.00 355.00 384.00 413.00 442.00 471.00 500.00 529.00 558.00 587.00 616.00 645.00 674.00 703.00 732.00 761.00 \n",
            "8.00 37.00 66.00 95.00 124.00 153.00 182.00 211.00 240.00 269.00 298.00 327.00 356.00 385.00 414.00 443.00 472.00 501.00 530.00 559.00 588.00 617.00 646.00 675.00 704.00 733.00 762.00 \n",
            "9.00 38.00 67.00 96.00 125.00 154.00 183.00 212.00 241.00 270.00 299.00 328.00 357.00 386.00 415.00 444.00 473.00 502.00 531.00 560.00 589.00 618.00 647.00 676.00 705.00 734.00 763.00 \n",
            "10.00 39.00 68.00 97.00 126.00 155.00 184.00 213.00 242.00 271.00 300.00 329.00 358.00 387.00 416.00 445.00 474.00 503.00 532.00 561.00 590.00 619.00 648.00 677.00 706.00 735.00 764.00 \n",
            "11.00 40.00 69.00 98.00 127.00 156.00 185.00 214.00 243.00 272.00 301.00 330.00 359.00 388.00 417.00 446.00 475.00 504.00 533.00 562.00 591.00 620.00 649.00 678.00 707.00 736.00 765.00 \n",
            "12.00 41.00 70.00 99.00 128.00 157.00 186.00 215.00 244.00 273.00 302.00 331.00 360.00 389.00 418.00 447.00 476.00 505.00 534.00 563.00 592.00 621.00 650.00 679.00 708.00 737.00 766.00 \n",
            "13.00 42.00 71.00 100.00 129.00 158.00 187.00 216.00 245.00 274.00 303.00 332.00 361.00 390.00 419.00 448.00 477.00 506.00 535.00 564.00 593.00 622.00 651.00 680.00 709.00 738.00 767.00 \n",
            "14.00 43.00 72.00 101.00 130.00 159.00 188.00 217.00 246.00 275.00 304.00 333.00 362.00 391.00 420.00 449.00 478.00 507.00 536.00 565.00 594.00 623.00 652.00 681.00 710.00 739.00 768.00 \n",
            "15.00 44.00 73.00 102.00 131.00 160.00 189.00 218.00 247.00 276.00 305.00 334.00 363.00 392.00 421.00 450.00 479.00 508.00 537.00 566.00 595.00 624.00 653.00 682.00 711.00 740.00 769.00 \n",
            "16.00 45.00 74.00 103.00 132.00 161.00 190.00 219.00 248.00 277.00 306.00 335.00 364.00 393.00 422.00 451.00 480.00 509.00 538.00 567.00 596.00 625.00 654.00 683.00 712.00 741.00 770.00 \n",
            "17.00 46.00 75.00 104.00 133.00 162.00 191.00 220.00 249.00 278.00 307.00 336.00 365.00 394.00 423.00 452.00 481.00 510.00 539.00 568.00 597.00 626.00 655.00 684.00 713.00 742.00 771.00 \n",
            "18.00 47.00 76.00 105.00 134.00 163.00 192.00 221.00 250.00 279.00 308.00 337.00 366.00 395.00 424.00 453.00 482.00 511.00 540.00 569.00 598.00 627.00 656.00 685.00 714.00 743.00 772.00 \n",
            "19.00 48.00 77.00 106.00 135.00 164.00 193.00 222.00 251.00 280.00 309.00 338.00 367.00 396.00 425.00 454.00 483.00 512.00 541.00 570.00 599.00 628.00 657.00 686.00 715.00 744.00 773.00 \n",
            "20.00 49.00 78.00 107.00 136.00 165.00 194.00 223.00 252.00 281.00 310.00 339.00 368.00 397.00 426.00 455.00 484.00 513.00 542.00 571.00 600.00 629.00 658.00 687.00 716.00 745.00 774.00 \n",
            "21.00 50.00 79.00 108.00 137.00 166.00 195.00 224.00 253.00 282.00 311.00 340.00 369.00 398.00 427.00 456.00 485.00 514.00 543.00 572.00 601.00 630.00 659.00 688.00 717.00 746.00 775.00 \n",
            "22.00 51.00 80.00 109.00 138.00 167.00 196.00 225.00 254.00 283.00 312.00 341.00 370.00 399.00 428.00 457.00 486.00 515.00 544.00 573.00 602.00 631.00 660.00 689.00 718.00 747.00 776.00 \n",
            "23.00 52.00 81.00 110.00 139.00 168.00 197.00 226.00 255.00 284.00 313.00 342.00 371.00 400.00 429.00 458.00 487.00 516.00 545.00 574.00 603.00 632.00 661.00 690.00 719.00 748.00 777.00 \n",
            "24.00 53.00 82.00 111.00 140.00 169.00 198.00 227.00 256.00 285.00 314.00 343.00 372.00 401.00 430.00 459.00 488.00 517.00 546.00 575.00 604.00 633.00 662.00 691.00 720.00 749.00 778.00 \n",
            "25.00 54.00 83.00 112.00 141.00 170.00 199.00 228.00 257.00 286.00 315.00 344.00 373.00 402.00 431.00 460.00 489.00 518.00 547.00 576.00 605.00 634.00 663.00 692.00 721.00 750.00 779.00 \n",
            "26.00 55.00 84.00 113.00 142.00 171.00 200.00 229.00 258.00 287.00 316.00 345.00 374.00 403.00 432.00 461.00 490.00 519.00 548.00 577.00 606.00 635.00 664.00 693.00 722.00 751.00 780.00 \n",
            "27.00 56.00 85.00 114.00 143.00 172.00 201.00 230.00 259.00 288.00 317.00 346.00 375.00 404.00 433.00 462.00 491.00 520.00 549.00 578.00 607.00 636.00 665.00 694.00 723.00 752.00 781.00 \n",
            "28.00 57.00 86.00 115.00 144.00 173.00 202.00 231.00 260.00 289.00 318.00 347.00 376.00 405.00 434.00 463.00 492.00 521.00 550.00 579.00 608.00 637.00 666.00 695.00 724.00 753.00 782.00 \n",
            "29.00 58.00 87.00 116.00 145.00 174.00 203.00 232.00 261.00 290.00 319.00 348.00 377.00 406.00 435.00 464.00 493.00 522.00 551.00 580.00 609.00 638.00 667.00 696.00 725.00 754.00 783.00 \n",
            "\n",
            "+++ m = 27 n = 29, CPU Time taken = 0.004000 ms\n",
            "+++ Block Dim = (32, 32)\n",
            "    Grid Dim = (1, 1)\n",
            "+++ m = 27 n = 29, GPU Transpose (Read Rows, Store Cols) Time taken = 0.019456 ms\n",
            "+++ m = 27 n = 29, GPU Transpose (Read Cols, Store Rows) Time taken = 0.012448 ms\n",
            "+++ m = 27 n = 29, GPU simple copy (square sh. mem. no bank conflicts) Time taken = 0.011168 ms [Reference Time]\n",
            "+++ m = 27 n = 29, GPU Transpose (square sh. mem. with bank conflicts) Time taken = 0.010784 ms\n",
            "+++ m = 27 n = 29, GPU Transpose (square sh. mem. no bank conflicts) Time taken = 0.009984 ms\n",
            "+++ m = 27 n = 29, GPU Transpose (1D sh. mem. with bank conflicts) Time taken = 0.009952 ms\n",
            "+++ m = 27 n = 29, GPU Transpose (padded 1D sh. mem. no bank conflicts) Time taken = 0.016608 ms\n",
            "+++ Block Dim = (32, 16)\n",
            "    Grid Dim = (1, 2)\n",
            "+++ m = 27 n = 29, GPU Transpose (rectangular sh. mem. with bank conflicts) Time taken = 0.012448 ms\n",
            "Printing transposed matrix AT = \n",
            "1.00 30.00 59.00 88.00 117.00 146.00 175.00 204.00 233.00 262.00 291.00 320.00 349.00 378.00 407.00 436.00 465.00 494.00 523.00 552.00 581.00 610.00 639.00 668.00 697.00 726.00 755.00 \n",
